image: curvy_actual.pgm
resolution: 0.050000
origin: [-23.013440, -38.211670, 0.000000]
negate: 0
occupied_thresh: 0.65
free_thresh: 0.196

