image: hotel_black.pgm
resolution: 0.050000
origin: [-9.850000, -13.300000, 0.000000]
negate: 0
occupied_thresh: 0.65
free_thresh: 0.196

